GPST:Time 064612.00  38.348782837  92.972690817  2775.4233
GPST:Time 064613.00  38.348785185  92.972689572  2774.8376
GPST:Time 064614.00  38.348783912  92.972690212  2774.9619
GPST:Time 064615.00  38.348778298  92.972697643  2775.1613
GPST:Time 064616.00  38.348771955  92.972708537  2775.5025
GPST:Time 064617.00  38.348763127  92.972717088  2775.5901
GPST:Time 064618.00  38.348757335  92.972724952  2774.8980
GPST:Time 064619.00  38.348747307  92.972746052  2776.5465
GPST:Time 064620.00  38.348762760  92.972715990  2783.8067
GPST:Time 064621.00  38.348755997  92.972723707  2783.8185
GPST:Time 064622.00  38.348748228  92.972734863  2786.2000
GPST:Time 064623.00  38.348742023  92.972742843  2786.1929
GPST:Time 064624.00  38.348735707  92.972749663  2786.2014
GPST:Time 064625.00  38.348729862  92.972755458  2786.2306
GPST:Time 064626.00  38.348724168  92.972761765  2786.2001
GPST:Time 064627.00  38.348717445  92.972767920  2786.1852
GPST:Time 064628.00  38.348711107  92.972775690  2786.2154
GPST:Time 064629.00  38.348705615  92.972782895  2786.1639
GPST:Time 064630.00  38.348700747  92.972789577  2786.1900
GPST:Time 064631.00  38.348695032  92.972793263  2786.2120
GPST:Time 064632.00  38.348692547  92.972797807  2786.2139
GPST:Time 064633.00  38.348689778  92.972802587  2786.2000
GPST:Time 064634.00  38.348686247  92.972807247  2786.2022
GPST:Time 064635.00  38.348682152  92.972812938  2786.1803
GPST:Time 064636.00  38.348677908  92.972818553  2786.1842
GPST:Time 064637.00  38.348673325  92.972823357  2786.2394
GPST:Time 064638.00  38.348669173  92.972829067  2786.2175
GPST:Time 064639.00  38.348665275  92.972835042  2786.2099
GPST:Time 064640.00  38.348660640  92.972840258  2786.2286
GPST:Time 064641.00  38.348656102  92.972846582  2786.2163
GPST:Time 064642.00  38.348651585  92.972852140  2786.2216
GPST:Time 064643.00  38.348647673  92.972858007  2786.2368
GPST:Time 064644.00  38.348642787  92.972863882  2786.2324
GPST:Time 064645.00  38.348638093  92.972871102  2786.2214
GPST:Time 064646.00  38.348633507  92.972878947  2786.2498
GPST:Time 064647.00  38.348627630  92.972885447  2786.2437
GPST:Time 064648.00  38.348622342  92.972890338  2786.2329
GPST:Time 064649.00  38.348616870  92.972897005  2786.2643
GPST:Time 064650.00  38.348610845  92.972903498  2786.2424
GPST:Time 064651.00  38.348605233  92.972909908  2786.2474
GPST:Time 064652.00  38.348599723  92.972916353  2786.2421
GPST:Time 064653.00  38.348594258  92.972922153  2786.2664
GPST:Time 064654.00  38.348590197  92.972926128  2786.2584
GPST:Time 064655.00  38.348588758  92.972926833  2786.2763
GPST:Time 064656.00  38.348589012  92.972926547  2786.2581
GPST:Time 064657.00  38.348589090  92.972926382  2786.2524
GPST:Time 064658.00  38.348589158  92.972926685  2786.2593
GPST:Time 064659.00  38.348589203  92.972926520  2786.2555
GPST:Time 064700.00  38.348589288  92.972926430  2786.2530
GPST:Time 064701.00  38.348589148  92.972926818  2786.2640
GPST:Time 064702.00  38.348588120  92.972928717  2786.2485
GPST:Time 064703.00  38.348584000  92.972932372  2786.2476
GPST:Time 064704.00  38.348577855  92.972938975  2786.2311
GPST:Time 064705.00  38.348570843  92.972946882  2786.2370
GPST:Time 064706.00  38.348563125  92.972953945  2786.2168
GPST:Time 064707.00  38.348554938  92.972961613  2786.1948
GPST:Time 064708.00  38.348547210  92.972970025  2786.1969
GPST:Time 064709.00  38.348539707  92.972977665  2786.2367
GPST:Time 064710.00  38.348532160  92.972987142  2786.2616
GPST:Time 064812.00  38.348490843  92.973040753  2774.8952
GPST:Time 064813.00  38.348487953  92.973042633  2775.5667
GPST:Time 064814.00  38.348480745  92.973045468  2776.0858
GPST:Time 064815.00  38.348467362  92.973062637  2777.5290
GPST:Time 064816.00  38.348461880  92.973063363  2776.1788
GPST:Time 064817.00  38.348454708  92.973069210  2776.4431
GPST:Time 064818.00  38.348447883  92.973075755  2775.4342
GPST:Time 064819.00  38.348440168  92.973085497  2775.5988
GPST:Time 064820.00  38.348435038  92.973098722  2774.3780
GPST:Time 064821.00  38.348427557  92.973105167  2774.4090
GPST:Time 064822.00  38.348441802  92.973076635  2783.5254
GPST:Time 064823.00  38.348425387  92.973099545  2786.1920
GPST:Time 064824.00  38.348417822  92.973107365  2786.1924
GPST:Time 064825.00  38.348410240  92.973115830  2786.2306
GPST:Time 064826.00  38.348402767  92.973124887  2786.2131
GPST:Time 064827.00  38.348395330  92.973133730  2786.1744
GPST:Time 064828.00  38.348387803  92.973142083  2786.2081
GPST:Time 064829.00  38.348380010  92.973150365  2786.2046
GPST:Time 064830.00  38.348372002  92.973158542  2786.2232
GPST:Time 064831.00  38.348363708  92.973167382  2786.2228
GPST:Time 064832.00  38.348355517  92.973176522  2786.2224
GPST:Time 064833.00  38.348347482  92.973185647  2786.1834
GPST:Time 064834.00  38.348339460  92.973194733  2786.1688
GPST:Time 064835.00  38.348331480  92.973203153  2786.1986
GPST:Time 064836.00  38.348323703  92.973211533  2786.1888
GPST:Time 064837.00  38.348315212  92.973219395  2786.2277
GPST:Time 064838.00  38.348307763  92.973227028  2786.1989
GPST:Time 064839.00  38.348300757  92.973235127  2786.1756
GPST:Time 064840.00  38.348292762  92.973243442  2786.1821
GPST:Time 064841.00  38.348285212  92.973252608  2786.2096
GPST:Time 064842.00  38.348277405  92.973261868  2786.2210
GPST:Time 064843.00  38.348269668  92.973270865  2786.1978
GPST:Time 064844.00  38.348261610  92.973279243  2786.1905
GPST:Time 064845.00  38.348253572  92.973286998  2786.1865
GPST:Time 064846.00  38.348245133  92.973294987  2786.2252
GPST:Time 064847.00  38.348237385  92.973304053  2786.1902
GPST:Time 064848.00  38.348229317  92.973312498  2786.1565
GPST:Time 064849.00  38.348221392  92.973322050  2786.1484
GPST:Time 064850.00  38.348213038  92.973331610  2786.1370
GPST:Time 064851.00  38.348203990  92.973341288  2786.1365
GPST:Time 064852.00  38.348195200  92.973350198  2786.1732
GPST:Time 064853.00  38.348186290  92.973357755  2786.1653
GPST:Time 064854.00  38.348176983  92.973365737  2786.1384
GPST:Time 064855.00  38.348167760  92.973373350  2786.1533
GPST:Time 064856.00  38.348159817  92.973382263  2786.1182
GPST:Time 064857.00  38.348151858  92.973391853  2786.1686
GPST:Time 064858.00  38.348143650  92.973400787  2786.1613
GPST:Time 064859.00  38.348134837  92.973409217  2786.1773
GPST:Time 064900.00  38.348126658  92.973417508  2786.1434
GPST:Time 064901.00  38.348118698  92.973427263  2786.1008
GPST:Time 064902.00  38.348110208  92.973435940  2786.0859
GPST:Time 064903.00  38.348101940  92.973444388  2786.0833
GPST:Time 064904.00  38.348093707  92.973452733  2786.1288
GPST:Time 064905.00  38.348085845  92.973462145  2786.1159
GPST:Time 065002.00  38.348050275  92.973499008  2784.9186
GPST:Time 065003.00  38.348054413  92.973494975  2786.1217
GPST:Time 065004.00  38.348054333  92.973495048  2786.1496
GPST:Time 065005.00  38.348054317  92.973495087  2786.1350
GPST:Time 065006.00  38.348054378  92.973495048  2786.1274
GPST:Time 065007.00  38.348054378  92.973495122  2786.1498
GPST:Time 065008.00  38.348054458  92.973495157  2786.1331
GPST:Time 065009.00  38.348054527  92.973495072  2786.1196
GPST:Time 065010.00  38.348054415  92.973494972  2786.1275
GPST:Time 065011.00  38.348054420  92.973494965  2786.1144
GPST:Time 065012.00  38.348054442  92.973494990  2786.1004
GPST:Time 065013.00  38.348054427  92.973495055  2786.1303
GPST:Time 065014.00  38.348054460  92.973495013  2786.1238
GPST:Time 065015.00  38.348054397  92.973495187  2786.1339
GPST:Time 065016.00  38.348052550  92.973498712  2786.1185
GPST:Time 065017.00  38.348047607  92.973504785  2786.1131
GPST:Time 065018.00  38.348039685  92.973512655  2786.0996
GPST:Time 065019.00  38.348031677  92.973521052  2786.1068
GPST:Time 065020.00  38.348024163  92.973530555  2786.0886
GPST:Time 065021.00  38.348016588  92.973540455  2786.0687
GPST:Time 065022.00  38.348008508  92.973550035  2786.0911
GPST:Time 065023.00  38.348000062  92.973559265  2786.1097
GPST:Time 065024.00  38.347992732  92.973567203  2786.1323
GPST:Time 065025.00  38.347987103  92.973573672  2786.1543
GPST:Time 065026.00  38.347985873  92.973578018  2786.1182
GPST:Time 065027.00  38.347986300  92.973583267  2786.1042
GPST:Time 065028.00  38.347990168  92.973589197  2786.1199
GPST:Time 065029.00  38.347995323  92.973597920  2786.1544
GPST:Time 065030.00  38.348001793  92.973606955  2786.1382
GPST:Time 065031.00  38.348008492  92.973615588  2786.1237
GPST:Time 065032.00  38.348016013  92.973623880  2786.1273
GPST:Time 065033.00  38.348023417  92.973632805  2786.0984
GPST:Time 065034.00  38.348030778  92.973641488  2786.1075
GPST:Time 065035.00  38.348037628  92.973651283  2786.0920
GPST:Time 065036.00  38.348043548  92.973660075  2786.0904
GPST:Time 065037.00  38.348049430  92.973669313  2786.0638
GPST:Time 065038.00  38.348056348  92.973677815  2786.0946
GPST:Time 065039.00  38.348063253  92.973685887  2786.0895
GPST:Time 065040.00  38.348070335  92.973695097  2786.0561
GPST:Time 065041.00  38.348077077  92.973704445  2786.0382
GPST:Time 065042.00  38.348083655  92.973712855  2786.0398
GPST:Time 065043.00  38.348090808  92.973720840  2786.0132
GPST:Time 065044.00  38.348097647  92.973728127  2785.9910
GPST:Time 065045.00  38.348105245  92.973735840  2786.0405
GPST:Time 065046.00  38.348112435  92.973743145  2786.0444
GPST:Time 065047.00  38.348120192  92.973749783  2786.0114
GPST:Time 065048.00  38.348127997  92.973756585  2786.0036
GPST:Time 065049.00  38.348133170  92.973761275  2786.0249
GPST:Time 065050.00  38.348135362  92.973761968  2786.0176
GPST:Time 065051.00  38.348141913  92.973766583  2786.0208
GPST:Time 065052.00  38.348150307  92.973772737  2785.9743
GPST:Time 065053.00  38.348158578  92.973779180  2785.9534
GPST:Time 065054.00  38.348166962  92.973784887  2785.9329
GPST:Time 065137.00  38.348237147  92.973855997  2783.8504
GPST:Time 065138.00  38.348244642  92.973862035  2783.9189
GPST:Time 065139.00  38.348261447  92.973870768  2786.0367
GPST:Time 065140.00  38.348269845  92.973877792  2786.0328
GPST:Time 065141.00  38.348277972  92.973884415  2786.0576
GPST:Time 065142.00  38.348285573  92.973890435  2786.1161
GPST:Time 065143.00  38.348293460  92.973895475  2786.0886
GPST:Time 065144.00  38.348301350  92.973901052  2786.0943
GPST:Time 065145.00  38.348309442  92.973906370  2786.0673
GPST:Time 065146.00  38.348317643  92.973912058  2786.0855
GPST:Time 065147.00  38.348325845  92.973918148  2786.1062
GPST:Time 065148.00  38.348334045  92.973923910  2786.0873
GPST:Time 065149.00  38.348342292  92.973929253  2786.1375
GPST:Time 065150.00  38.348350540  92.973934908  2786.1384
GPST:Time 065151.00  38.348358920  92.973940420  2786.0847
GPST:Time 065152.00  38.348367395  92.973945103  2786.0688
GPST:Time 065153.00  38.348375682  92.973950195  2786.0673
GPST:Time 065154.00  38.348383415  92.973954585  2786.0927
GPST:Time 065155.00  38.348391283  92.973958048  2786.0895
GPST:Time 065156.00  38.348399215  92.973961930  2786.1005
GPST:Time 065157.00  38.348408040  92.973965270  2786.0901
GPST:Time 065158.00  38.348416582  92.973969247  2786.0394
GPST:Time 065159.00  38.348424288  92.973973148  2785.9507
GPST:Time 065200.00  38.348431400  92.973977480  2786.0628
GPST:Time 065201.00  38.348438163  92.973979972  2786.0556
GPST:Time 065202.00  38.348445532  92.973982783  2786.0599
GPST:Time 065203.00  38.348452322  92.973985460  2786.0876
GPST:Time 065204.00  38.348453188  92.973986513  2786.1131
GPST:Time 065211.00  38.348452603  92.973986467  2786.1372
GPST:Time 065212.00  38.348452482  92.973986313  2786.1057
GPST:Time 065213.00  38.348452447  92.973986302  2786.1076
GPST:Time 065214.00  38.348452372  92.973986243  2786.1251
GPST:Time 065215.00  38.348452238  92.973986300  2786.1149
GPST:Time 065302.00  38.348518220  92.973979307  2783.1875
GPST:Time 065303.00  38.348525645  92.973969198  2783.1895
GPST:Time 065304.00  38.348537307  92.973950422  2786.1341
GPST:Time 065305.00  38.348543890  92.973941248  2786.1862
GPST:Time 065306.00  38.348550253  92.973931772  2786.2063
GPST:Time 065307.00  38.348556327  92.973922633  2786.0787
GPST:Time 065308.00  38.348562038  92.973912512  2786.1023
GPST:Time 065309.00  38.348566832  92.973902398  2786.0961
GPST:Time 065310.00  38.348572308  92.973892383  2786.1051
GPST:Time 065311.00  38.348578027  92.973882598  2786.0760
GPST:Time 065312.00  38.348583630  92.973872820  2786.0494
GPST:Time 065313.00  38.348589282  92.973862530  2786.0367
GPST:Time 065314.00  38.348595167  92.973852400  2786.0555
GPST:Time 065315.00  38.348601110  92.973842845  2786.0724
GPST:Time 065316.00  38.348606740  92.973832437  2785.9946
GPST:Time 065317.00  38.348612033  92.973822327  2785.9372
GPST:Time 065318.00  38.348617457  92.973812687  2785.9893
GPST:Time 065319.00  38.348622197  92.973802492  2785.9670
GPST:Time 065320.00  38.348627772  92.973792532  2785.9653
GPST:Time 065321.00  38.348632972  92.973782967  2785.9748
GPST:Time 065322.00  38.348637910  92.973773137  2785.9973
GPST:Time 065323.00  38.348642205  92.973762267  2785.9384
GPST:Time 065324.00  38.348646885  92.973751900  2785.9126
GPST:Time 065325.00  38.348651312  92.973741760  2785.9559
GPST:Time 065326.00  38.348654985  92.973731773  2785.9141
GPST:Time 065327.00  38.348659105  92.973721040  2785.9303
GPST:Time 065328.00  38.348663158  92.973710108  2785.9456
GPST:Time 065329.00  38.348666837  92.973699455  2785.9389
GPST:Time 065330.00  38.348670570  92.973689487  2786.0141
GPST:Time 065331.00  38.348674705  92.973679615  2786.0630
GPST:Time 065332.00  38.348679370  92.973669987  2786.0651
GPST:Time 065333.00  38.348684567  92.973661177  2786.0362
GPST:Time 065334.00  38.348688880  92.973651630  2786.0324
GPST:Time 065335.00  38.348692785  92.973641743  2786.0424
GPST:Time 065336.00  38.348696607  92.973631030  2786.0555
GPST:Time 065337.00  38.348700353  92.973621072  2786.0658
GPST:Time 065338.00  38.348703902  92.973610470  2786.0655
GPST:Time 065339.00  38.348707037  92.973599035  2786.0042
GPST:Time 065340.00  38.348710555  92.973588105  2785.9922
GPST:Time 065341.00  38.348713808  92.973577672  2786.0281
GPST:Time 065342.00  38.348716717  92.973567440  2786.0266
GPST:Time 065413.00  38.348762975  92.973466275  2786.0834
GPST:Time 065414.00  38.348768013  92.973456543  2786.1044
GPST:Time 065415.00  38.348767930  92.973435435  2786.1903
GPST:Time 065416.00  38.348772367  92.973424467  2786.1488
GPST:Time 065417.00  38.348776660  92.973413377  2786.1520
GPST:Time 065418.00  38.348780433  92.973403072  2786.1987
GPST:Time 065419.00  38.348784478  92.973392077  2786.2083
GPST:Time 065420.00  38.348788755  92.973381727  2786.2117
GPST:Time 065421.00  38.348792915  92.973371610  2786.1973
GPST:Time 065422.00  38.348796925  92.973361262  2786.1954
GPST:Time 065423.00  38.348801425  92.973350877  2786.1796
GPST:Time 065424.00  38.348805355  92.973339903  2786.1608
GPST:Time 065425.00  38.348809715  92.973329250  2786.1609
GPST:Time 065426.00  38.348814102  92.973318452  2786.1877
GPST:Time 065427.00  38.348818778  92.973307677  2786.1767
GPST:Time 065428.00  38.348823427  92.973296773  2786.1390
GPST:Time 065429.00  38.348828050  92.973286137  2786.1258
GPST:Time 065430.00  38.348830782  92.973283607  2786.0986
GPST:Time 065435.00  38.348830535  92.973285632  2786.1134
GPST:Time 065436.00  38.348830558  92.973285102  2786.1296
GPST:Time 065437.00  38.348830858  92.973282675  2786.1072
GPST:Time 065438.00  38.348833233  92.973276183  2786.1232
GPST:Time 065439.00  38.348835465  92.973270398  2786.1021
GPST:Time 065440.00  38.348837525  92.973264852  2786.0984
GPST:Time 065441.00  38.348838597  92.973264503  2786.1222
GPST:Time 065442.00  38.348838545  92.973264198  2786.1150
GPST:Time 065443.00  38.348838498  92.973263870  2786.1089
GPST:Time 065444.00  38.348838733  92.973261697  2786.0921
GPST:Time 065445.00  38.348841700  92.973253488  2786.0793
GPST:Time 065446.00  38.348845233  92.973242790  2786.0905
GPST:Time 065447.00  38.348849057  92.973232093  2786.0956
GPST:Time 065448.00  38.348853875  92.973221347  2786.1447
GPST:Time 065449.00  38.348858838  92.973211063  2786.1597
GPST:Time 065450.00  38.348863118  92.973199942  2786.1463
GPST:Time 065451.00  38.348867722  92.973189403  2786.1820
GPST:Time 065452.00  38.348872485  92.973178250  2786.1985
GPST:Time 065453.00  38.348876743  92.973166838  2786.1675
GPST:Time 065454.00  38.348880280  92.973155130  2786.1519
GPST:Time 065455.00  38.348884290  92.973143337  2786.1585
GPST:Time 065456.00  38.348887922  92.973131892  2786.1608
GPST:Time 065457.00  38.348891100  92.973120288  2786.1474
GPST:Time 065458.00  38.348894212  92.973108005  2786.1090
GPST:Time 065459.00  38.348897763  92.973096038  2786.1136
GPST:Time 065500.00  38.348901203  92.973084428  2786.1574
GPST:Time 065501.00  38.348905158  92.973072512  2786.1375
GPST:Time 065502.00  38.348908258  92.973060262  2786.1159
GPST:Time 065532.00  38.348919065  92.973037357  2784.1726
GPST:Time 065533.00  38.348921698  92.973025185  2786.2039
GPST:Time 065534.00  38.348926600  92.973014367  2786.2329
GPST:Time 065535.00  38.348931688  92.973002897  2786.2126
GPST:Time 065536.00  38.348935987  92.972991295  2786.2075
GPST:Time 065537.00  38.348940000  92.972980438  2786.1919
GPST:Time 065538.00  38.348942370  92.972968358  2786.1993
GPST:Time 065539.00  38.348945702  92.972957880  2786.1585
GPST:Time 065540.00  38.348948395  92.972946332  2786.1489
GPST:Time 065541.00  38.348950722  92.972933723  2786.1710
GPST:Time 065542.00  38.348952853  92.972921357  2786.2123
GPST:Time 065543.00  38.348955108  92.972908652  2786.2203
GPST:Time 065544.00  38.348958013  92.972896008  2786.2293
GPST:Time 065545.00  38.348960157  92.972882757  2786.1803
GPST:Time 065546.00  38.348963185  92.972870085  2786.1980
GPST:Time 065547.00  38.348966582  92.972857708  2786.1893
GPST:Time 065548.00  38.348969742  92.972845035  2786.1727
GPST:Time 065549.00  38.348972890  92.972833078  2786.1829
GPST:Time 065550.00  38.348974920  92.972820862  2786.1391
GPST:Time 065551.00  38.348977170  92.972808130  2786.1525
GPST:Time 065552.00  38.348979778  92.972796025  2786.1454
GPST:Time 065553.00  38.348982343  92.972784075  2786.1580
GPST:Time 065554.00  38.348983688  92.972772097  2786.1643
GPST:Time 065555.00  38.348984942  92.972759717  2786.1906
GPST:Time 065556.00  38.348985780  92.972748042  2786.1610
GPST:Time 065557.00  38.348986152  92.972735593  2786.2021
GPST:Time 065558.00  38.348987525  92.972722553  2786.2131
GPST:Time 065559.00  38.348989920  92.972709387  2786.2122
GPST:Time 065600.00  38.348992105  92.972696403  2786.1701
GPST:Time 065601.00  38.348992838  92.972683632  2786.1596
GPST:Time 065602.00  38.348994537  92.972670285  2786.1693
GPST:Time 065603.00  38.348995657  92.972656765  2786.1686
GPST:Time 065604.00  38.348997570  92.972643137  2786.1650
GPST:Time 065605.00  38.348999697  92.972629693  2786.1435
GPST:Time 065606.00  38.349002590  92.972616790  2786.1421
GPST:Time 065607.00  38.349006325  92.972604238  2786.1369
GPST:Time 065608.00  38.349011422  92.972591907  2786.1461
GPST:Time 065609.00  38.349016887  92.972579975  2786.1639
GPST:Time 065610.00  38.349022543  92.972568207  2786.1849
GPST:Time 065611.00  38.349029002  92.972557583  2786.1780
GPST:Time 065612.00  38.349035688  92.972547175  2786.1431
GPST:Time 065613.00  38.349042030  92.972537137  2786.1566
GPST:Time 065614.00  38.349048220  92.972527338  2786.1978
GPST:Time 065615.00  38.349053913  92.972518060  2786.2021
GPST:Time 065616.00  38.349059692  92.972508108  2786.1870
GPST:Time 065617.00  38.349065655  92.972498648  2786.1902
GPST:Time 065618.00  38.349071437  92.972489208  2786.2381
GPST:Time 065619.00  38.349077907  92.972481037  2786.2520
GPST:Time 065620.00  38.349084483  92.972473092  2786.2654
GPST:Time 065621.00  38.349090540  92.972465952  2786.2617
GPST:Time 065622.00  38.349096788  92.972458415  2786.2745
GPST:Time 065623.00  38.349102977  92.972451042  2786.2508
GPST:Time 065624.00  38.349109825  92.972444443  2786.2690
GPST:Time 065625.00  38.349117058  92.972437933  2786.2470
GPST:Time 065626.00  38.349123557  92.972430560  2786.2572
GPST:Time 065627.00  38.349130153  92.972423355  2786.2526
GPST:Time 065628.00  38.349134673  92.972419727  2786.2874
