31.027667801,121.439592134,1
31.027668215,121.439592898,2
31.027660891,121.439590783,3
31.027656625,121.439593182,1
31.027639593,121.439602443,1
31.027635927,121.439607626,2
31.027625075,121.439609143,1
31.027617422,121.439614604,1
31.027607529,121.439617910,1
31.027598194,121.439619743,1
31.027588454,121.439624897,1
31.027576919,121.439627158,1
31.027567342,121.439632340,1
31.027558792,121.439636305,1
31.027546920,121.439639178,1
31.027535392,121.439644499,1
31.027523836,121.439650751,1
31.027504362,121.439657317,1
31.027498858,121.439666256,2
31.027478239,121.439672617,1
31.027468725,121.439677280,1
31.027460005,121.439681927,1
31.027447355,121.439686329,1
31.027440610,121.439692907,1
31.027428422,121.439698030,1
31.027410317,121.439709441,1
31.027400924,121.439715859,1
31.027390708,121.439719326,1
31.027381425,121.439723909,1
31.027371623,121.439725549,1
31.027361742,121.439730869,1
31.027351235,121.439735945,1
31.027341461,121.439739050,1
31.027330935,121.439743331,1
31.027310376,121.439750710,1
31.027301244,121.439756427,1
31.027288586,121.439758494,1
31.027277659,121.439761646,1
31.027268202,121.439768063,1
31.027257568,121.439773454,1
31.027241439,121.439777465,1
31.027235900,121.439782383,1
31.027224564,121.439786927,1
31.027213091,121.439793240,1
31.027202100,121.439796834,1
31.027190959,121.439801169,1
31.027170039,121.439809207,1
31.027160591,121.439816203,1
31.027152719,121.439820927,1
31.027141208,121.439823621,1
31.027132434,121.439828711,1
31.027123753,121.439835746,1
31.027110602,121.439837721,1
31.027099260,121.439840851,1
31.027089680,121.439846545,1
31.027079290,121.439850882,1
31.027068902,121.439854451,1
31.027058403,121.439859565,1
31.027047698,121.439864719,1
31.027035745,121.439869173,1
31.027025338,121.439873792,1
31.027015010,121.439880592,1
31.026991350,121.439888094,1
31.026981543,121.439892896,1
31.026971573,121.439899424,1
31.026960202,121.439902480,1
31.026949068,121.439907392,1
31.026940819,121.439912912,1
31.026930960,121.439914824,1
31.026920421,121.439921989,1
31.026907546,121.439928243,1
31.026898354,121.439933192,1
31.026887178,121.439938311,1
31.026854466,121.439950259,1
31.026843932,121.439957101,1
31.026830977,121.439959650,1
31.026820254,121.439967962,1
31.026809867,121.439971257,1
31.026799575,121.439976260,1
31.026790105,121.439979304,1
31.026778388,121.439982506,1
31.026769155,121.439988403,1
31.026758835,121.439992897,1
31.026737984,121.440004144,1
31.026726290,121.440008079,1
31.026717172,121.440014970,1
31.026706148,121.440018510,1
31.026689675,121.440022418,1
31.026681289,121.440027659,1
31.026665839,121.440029384,1
31.026655974,121.440033400,1
31.026647151,121.440038510,1
31.026638370,121.440041977,1
31.026617658,121.440050245,1
31.026606360,121.440055532,1
31.026598824,121.440059836,1
31.026587960,121.440065499,1
31.026573815,121.440069628,1
31.026562376,121.440072574,1
31.026550996,121.440073704,1
31.026539370,121.440071905,3
31.026529325,121.440067766,3
31.026519500,121.440059021,103
31.026508565,121.440049962,103
31.026500798,121.440044635,103
31.026491612,121.440032304,103
31.026482093,121.440021978,103
31.026475238,121.440010541,103
31.026465057,121.439999809,103
31.026457236,121.439990250,103
31.026449294,121.439977426,103
31.026444291,121.439968470,103
31.026435302,121.439956457,103
31.026426474,121.439945602,103
31.026419684,121.439935391,103
31.026411993,121.439926858,103
31.026402394,121.439917946,103
31.026399882,121.439906479,103
31.026393029,121.439894828,103
31.026387516,121.439885312,103
31.026379188,121.439874677,103
31.026372503,121.439865754,103
31.026363712,121.439854526,103
31.026356369,121.439844336,103
31.026348779,121.439833235,103
31.026344325,121.439822653,103
31.026340202,121.439810523,103
31.026338145,121.439797265,103
31.026333617,121.439786598,103
31.026328987,121.439776014,103
31.026322742,121.439761036,103
31.026318495,121.439747983,103
31.026315453,121.439733112,103
31.026313194,121.439719567,103
31.026308149,121.439708676,103
31.026304205,121.439697706,103
31.026297861,121.439680981,103
31.026301650,121.439667687,103
31.026299158,121.439655920,103
31.026298974,121.439645961,103
31.026294942,121.439634800,103
31.026293868,121.439620518,103
31.026290893,121.439607671,103
31.026289122,121.439596961,103
31.026287343,121.439584669,103
31.026286663,121.439568547,103
31.026285545,121.439562132,103
31.026274185,121.439536801,103
31.026270526,121.439530832,103
31.026263035,121.439525393,103
31.026250690,121.439518202,103
31.026238197,121.439509509,103
31.026228617,121.439506739,3
31.026219413,121.439498333,103
31.026211475,121.439495423,3
31.026202425,121.439491647,3
31.026192219,121.439485411,103
31.026185731,121.439481694,103
31.026181326,121.439471614,103
31.026174202,121.439461764,103
31.026165756,121.439452834,103
31.026157071,121.439443585,103
31.026150357,121.439432163,103
31.026143114,121.439420478,103
31.026134156,121.439411674,103
31.026128951,121.439401295,103
31.026122863,121.439390106,103
31.026116535,121.439376627,103
31.026112740,121.439359714,103
31.026104342,121.439348421,103
31.026103064,121.439335851,103
31.026106857,121.439324893,103
31.026107672,121.439311431,103
31.026101493,121.439297073,103
31.026088760,121.439292615,3
31.026076930,121.439280084,103
31.026075266,121.439265843,103
31.026064740,121.439250809,103
31.026057791,121.439235986,103
31.026055364,121.439221056,103
31.026053082,121.439204285,103
31.026045918,121.439187065,103
31.026036201,121.439161974,103
31.026028862,121.439123609,103
31.026012675,121.439084582,103
31.025997940,121.439069393,103
31.025998499,121.439043915,103
31.025987206,121.438999120,103
31.025982235,121.438983202,103
31.025980251,121.438972651,103
31.025973334,121.438956901,103
31.025966827,121.438937041,103
31.025954049,121.438895588,103
31.025948316,121.438872019,103
31.025942592,121.438856448,103
31.025936367,121.438837706,103
31.025928672,121.438818060,103
31.025918288,121.438795841,103
31.025909921,121.438772711,103
31.025903626,121.438750937,103
31.025896333,121.438731715,103
31.025890813,121.438714205,103
31.025892260,121.438705391,103
31.025881135,121.438692306,103
31.025877819,121.438672642,103
31.025881531,121.438655194,103
31.025871334,121.438639318,103
31.025867202,121.438622274,103
31.025851989,121.438589402,103
31.025846149,121.438574751,103
31.025843669,121.438558164,103
31.025850369,121.438540477,103
31.025861092,121.438533929,103
31.025857746,121.438538889,2
31.025859468,121.438549590,2
31.025859510,121.438550515,2
31.025847655,121.438548109,3
31.025837295,121.438533824,103
31.025824894,121.438515115,103
31.025822414,121.438497334,103
31.025818970,121.438477106,103
31.025809502,121.438461365,103
31.025807873,121.438452120,103
31.025803491,121.438441374,103
31.025801047,121.438422046,103
31.025793949,121.438409139,103
31.025790534,121.438387686,103
31.025782193,121.438365709,103
31.025780785,121.438353153,103
31.025776387,121.438333805,103
31.025778696,121.438297610,103
31.025785860,121.438285414,103
31.025792434,121.438268251,103
31.025796885,121.438253396,103
31.025801854,121.438237686,103
31.025804890,121.438222501,103
31.025804737,121.438209486,103
31.025804341,121.438192346,103
31.025794182,121.438193475,1
31.025791602,121.438206058,2
31.025790772,121.438205516,103
31.025788995,121.438196143,103
31.025792888,121.438193623,103
31.025796609,121.438187734,103
31.025797145,121.438186446,103
31.025797326,121.438188573,2
